60 115
73
34 6 26 102
13 3 3 105
13 5 12 81
10 12 6 9
10 12 0 82
6 7 54 7
6 15 0 19
25 7 0 59
25 15 0 66
21 12 25 65
16 7 30 108
16 5 2 34
21 3 26 62
21 5 9 110
5 7 13 86
5 5 48 40
4 1 2 0
4 10 25 86
6 13 54 79
12 13 6 21
12 9 26 3
23 6 3 53
7 3 45 45
7 5 0 108
2 1 58 0
2 10 48 48
6 6 52 15
6 5 46 0
14 7 38 7
14 6 16 13
16 3 30 0
16 5 32 53
14 6 16 96
14 5 30 14
14 13 46 66
3 2 18 37
3 7 0 95
11 2 33 19
11 7 33 45
6 7 10 94
6 6 30 21
33 14 0 39
12 4 48 58
12 3 33 58
16 18 44 21
12 3 48 63
12 18 18 19
4 4 16 9
4 3 9 3
3 1 55 39
3 2 3 102
6 9 19 86
6 9 26 53
6 1 52 0
6 2 7 1
5 7 21 3
5 18 39 27
3 9 3 5
3 9 27 77
9 18 30 84
6 5 54 1
6 2 21 37
2 12 10 82
2 9 7 94
8 3 52 50
8 9 13 0
10 9 50 93
3 5 44 39
3 2 0 113
3 18 0 1
3 7 48 108
2 3 0 34
2 9 58 39

301
True