60 92
73
6 34 0 1
33 14 3 62
25 15 35 3
7 25 53 58
23 6 8 50
21 12 39 21
5 21 3 35
21 3 39 18
18 16 14 76
16 7 36 62
5 16 8 34
16 5 16 57
3 16 0 75
14 13 36 40
14 7 36 69
14 6 25 34
6 14 29 0
14 5 22 40
13 5 16 45
3 13 0 44
18 12 11 0
13 12 16 12
9 12 50 42
4 12 6 6
12 3 35 0
12 3 48 54
11 7 39 33
11 2 32 76
12 10 13 30
10 12 6 18
10 9 32 53
18 9 42 83
8 9 50 33
8 3 47 0
5 7 31 46
7 3 25 31
6 15 33 18
13 6 3 56
6 9 6 76
6 9 42 53
7 6 3 85
7 6 34 83
6 6 22 24
6 6 16 24
6 5 10 12
5 6 6 0
6 2 44 76
2 6 13 40
1 6 52 65
18 5 34 78
7 5 15 40
5 7 28 24
5 5 48 57
4 10 29 14
4 4 10 88
3 4 13 46
1 4 52 72
3 18 0 57
9 3 33 89
3 9 0 35
7 3 6 31
3 7 3 76
5 3 55 0
2 3 33 15
2 3 10 85
2 3 29 47
1 3 10 6
2 12 12 76
2 10 32 79
2 9 58 33
2 9 50 69
3 2 3 83
2 1 6 30

301
True
NOT_OPTIMAL