60 92
73
34 6 0 0
33 14 0 6
25 15 35 0
25 7 35 15
23 6 0 20
21 12 23 22
21 5 0 26
21 3 0 31
16 18 44 22
16 7 12 34
16 5 28 34
16 5 28 39
16 3 44 40
14 13 0 41
14 7 14 43
14 6 46 43
14 6 46 49
14 5 29 44
13 5 30 49
13 3 46 55
12 18 15 50
12 13 0 54
12 9 27 54
12 4 0 34
12 3 0 38
12 3 15 68
11 7 49 58
11 2 23 20
10 12 39 58
10 12 39 77
10 9 29 63
9 18 51 65
8 9 0 67
8 3 39 89
7 5 23 72
7 3 8 74
6 15 12 77
6 13 30 79
6 9 0 81
6 9 6 83
6 7 39 70
6 7 45 70
6 6 30 73
6 6 49 86
6 5 0 76
6 5 6 78
6 2 19 41
6 2 51 83
6 1 6 77
5 18 18 74
5 7 8 67
5 7 55 85
5 5 24 77
4 10 23 82
4 4 39 54
4 3 18 71
4 1 14 41
3 18 36 72
3 9 12 54
3 9 27 82
3 7 43 44
3 7 43 51
3 5 15 72
3 2 0 90
3 2 3 90
3 2 36 90
3 1 27 53
2 12 33 8
2 10 13 64
2 9 27 63
2 9 49 77
2 3 21 26
2 1 33 6

301
True
NOT_OPTIMAL