60 None
73
34 6 0 0
13 3 34 0
13 5 47 0
10 12 34 3
10 12 44 5
6 7 54 5
6 15 0 6
25 7 6 6
25 15 6 13
21 12 31 17
16 7 0 28
16 5 16 29
21 3 32 29
21 5 32 32
5 7 54 12
5 5 53 19
4 1 53 24
4 10 53 25
6 13 16 34
12 13 0 35
12 9 12 47
23 6 24 37
7 3 53 35
7 5 47 38
2 1 54 38
2 10 56 38
6 6 24 43
6 5 30 43
14 7 36 43
14 6 0 56
16 3 24 50
16 5 40 50
14 6 24 53
14 5 38 55
14 13 14 59
3 2 56 48
3 7 56 50
11 2 28 60
11 7 39 60
6 7 52 57
6 6 0 62
33 14 0 72
12 4 33 67
12 3 45 67
16 18 33 71
12 3 0 86
12 18 12 86
4 4 49 70
4 3 53 70
3 1 57 64
3 2 57 65
6 9 53 73
6 9 49 82
6 1 24 86
6 2 24 87
5 7 55 82
5 18 0 89
3 9 30 86
3 9 5 89
9 18 5 104
6 5 24 89
6 2 33 89
2 12 39 89
2 9 41 89
8 3 24 95
8 9 24 98
10 9 32 101
3 5 43 89
3 2 46 89
3 18 55 89
3 7 46 91
2 3 58 89
2 9 49 91

301
True