60 102
73
6 34 35 0
14 33 15 3
15 25 0 73
7 25 53 45
6 23 47 44
12 21 17 78
21 5 15 36
21 3 17 99
16 18 13 41
7 16 53 86
5 16 29 41
5 16 0 4
16 3 0 99
13 14 34 45
7 14 6 44
6 14 47 3
6 14 54 31
5 14 0 20
5 13 55 0
3 13 50 89
18 12 15 59
12 13 35 59
12 9 38 93
4 12 9 58
12 3 38 90
3 12 57 71
11 7 43 32
2 11 15 88
10 12 5 5
10 12 5 17
9 10 45 20
9 18 29 72
9 8 47 70
8 3 1 65
7 5 15 73
7 3 31 90
6 15 6 29
6 13 0 52
6 9 54 22
6 9 54 13
7 6 29 93
6 7 29 13
6 6 39 39
6 6 38 83
6 5 44 83
6 5 0 68
2 6 13 59
2 6 37 34
1 6 56 70
18 5 39 78
5 7 41 13
5 7 22 71
5 5 5 0
4 10 29 3
4 4 39 34
3 4 34 41
1 4 0 0
3 18 0 34
3 9 12 32
9 3 24 0
7 3 53 83
7 3 47 0
3 5 50 39
3 2 44 2
2 3 15 0
3 2 44 0
3 1 10 0
12 2 41 30
2 10 33 20
2 9 53 3
2 9 33 0
3 2 29 32
2 1 57 70

301
True
NOT_OPTIMAL