60 98
73
6 34 14 5
14 33 0 11
15 25 0 65
25 7 20 17
23 6 24 92
21 12 21 80
21 5 25 75
21 3 21 53
18 16 0 44
16 7 44 68
16 5 0 60
16 5 29 12
16 3 42 52
14 13 20 30
14 7 42 84
14 6 0 5
14 6 46 31
14 5 16 0
13 5 0 0
13 3 42 49
18 12 40 0
12 13 45 12
9 12 35 24
12 4 34 36
12 3 47 65
12 3 18 56
11 7 31 63
11 2 47 91
10 12 30 0
12 10 47 55
9 10 16 61
18 9 34 40
9 8 20 5
3 8 56 81
7 5 34 56
7 3 30 72
15 6 20 24
13 6 21 43
9 6 46 25
9 6 5 90
7 6 46 75
6 7 14 91
6 6 54 37
6 6 53 75
6 5 41 56
6 5 14 39
6 2 33 61
6 2 42 82
6 1 20 59
5 18 16 71
5 7 55 43
7 5 37 70
5 5 0 92
10 4 27 49
4 4 20 94
4 3 20 13
4 1 46 37
3 18 57 12
3 9 18 44
3 9 25 65
3 7 44 61
3 7 30 56
5 3 21 49
3 2 24 15
3 2 13 1
3 2 13 3
1 3 29 6
2 12 52 37
2 10 44 25
2 9 58 0
2 9 28 59
3 2 46 38
2 1 13 0

301
True
NOT_OPTIMAL