60 92
73
34 6 26 14
13 3 0 89
13 5 47 0
10 12 34 65
10 12 44 63
6 7 3 59
6 15 32 20
25 7 9 59
25 15 0 74
21 12 39 80
16 7 16 67
16 5 44 75
21 3 17 89
21 5 39 58
5 7 50 7
5 5 28 48
4 1 39 1
4 10 47 39
6 13 54 20
12 13 0 14
12 9 39 49
23 6 16 35
7 3 25 74
7 5 40 2
2 1 58 53
2 10 32 67
6 6 28 53
6 5 54 70
14 7 36 7
14 6 31 41
16 3 28 77
16 5 0 69
14 6 12 14
14 5 25 80
14 13 18 20
3 2 6 27
3 7 28 41
11 2 18 33
11 7 40 29
6 7 54 63
6 6 33 1
33 14 0 0
12 4 27 85
12 3 4 66
16 18 0 32
12 3 6 29
12 18 16 41
4 4 56 54
4 3 13 89
3 1 40 63
3 2 51 31
6 9 12 20
6 9 48 20
6 1 33 0
6 2 48 5
5 7 51 51
5 18 34 47
3 9 57 5
3 9 13 50
9 18 51 33
6 5 0 27
6 2 39 47
2 12 38 23
2 9 55 5
8 3 43 36
8 9 40 20
10 9 3 50
3 5 40 36
3 2 9 27
3 18 0 51
3 7 33 7
2 3 56 51
2 9 45 40

1238.4930622577667
True