60 92
73
34 6 26 53
33 14 27 78
25 15 35 25
25 7 26 71
23 6 37 19
21 12 27 59
21 5 36 0
21 3 0 28
16 18 6 10
16 7 8 51
16 5 42 14
16 5 26 5
16 3 20 0
14 13 38 40
14 7 20 32
14 6 28 10
14 6 0 0
14 5 22 18
13 5 45 9
13 3 1 6
12 18 11 58
12 13 3 38
12 9 25 41
12 4 45 5
12 3 11 76
12 3 26 50
11 7 3 31
11 2 27 16
10 12 15 39
10 12 17 80
10 9 25 23
9 18 0 74
8 9 52 40
8 3 52 49
7 5 0 51
7 3 48 59
6 15 5 58
6 13 0 15
6 9 48 62
6 9 14 1
6 7 14 31
6 7 20 3
6 6 0 9
6 6 54 71
6 5 9 87
6 5 54 66
6 2 25 39
6 2 29 3
6 1 22 10
5 18 0 56
5 7 55 59
5 7 22 11
5 5 10 82
4 10 23 61
4 4 21 28
4 3 38 16
4 1 6 9
3 18 0 33
3 9 23 71
3 9 42 5
3 7 57 0
3 7 51 71
3 5 22 23
3 2 31 39
3 2 0 31
3 2 5 56
3 1 35 40
2 12 58 7
2 10 15 82
2 9 24 52
2 9 9 73
2 3 13 79
2 1 7 73

301
True
NOT_OPTIMAL