60 91
73
34 6 15 26
13 3 0 0
13 5 0 3
10 12 2 26
10 12 33 32
7 6 15 20
6 15 54 67
25 7 16 63
25 15 35 0
21 12 12 32
16 7 44 42
5 16 0 75
21 3 6 70
21 5 36 21
5 7 34 77
5 5 30 3
4 1 27 77
4 10 41 81
6 13 51 26
12 13 42 67
12 9 24 17
23 6 37 15
7 3 9 49
7 5 37 44
1 2 59 40
2 10 49 29
6 6 20 6
6 5 6 38
14 7 27 70
14 6 13 0
16 3 43 39
16 5 9 44
6 14 0 38
14 5 12 12
14 13 20 78
2 3 37 84
3 7 34 84
2 11 49 52
7 11 45 80
7 6 13 6
6 6 43 32
33 14 16 49
12 4 25 45
3 12 12 20
16 18 0 52
12 3 12 17
12 18 0 8
4 4 37 87
3 4 39 77
3 1 31 77
2 3 49 26
6 9 26 8
9 6 6 73
1 6 36 15
2 6 39 81
7 5 20 73
5 18 15 73
3 9 6 43
3 9 32 8
9 18 51 49
6 5 0 70
2 6 22 20
2 12 0 26
9 2 41 65
3 8 27 0
8 9 52 82
10 9 5 79
5 3 30 0
2 3 13 88
3 18 57 21
7 3 6 88
2 3 49 49
9 2 41 63

3356.257021188736
True