60 93
73
34 6 0 0
33 14 0 6
25 15 35 0
25 7 35 15
23 6 0 20
21 12 23 22
21 5 2 26
21 3 0 31
16 18 44 22
16 7 0 34
16 5 16 34
16 5 16 39
16 3 44 40
14 13 0 41
14 7 46 43
14 6 32 43
14 6 18 44
14 5 32 49
13 5 19 50
13 3 15 84
12 18 22 65
12 13 0 54
12 9 34 54
12 4 32 34
12 3 22 55
12 3 46 90
11 7 23 58
11 2 23 20
10 12 44 63
10 12 34 63
10 9 12 57
9 18 13 66
8 9 46 81
8 3 40 75
7 5 6 74
7 3 47 51
6 15 40 78
6 13 54 68
6 9 34 75
6 9 54 81
6 7 28 83
6 7 49 55
6 6 21 87
6 6 48 75
6 5 32 38
6 5 0 67
6 2 7 91
6 2 27 90
6 1 49 54
5 18 55 50
5 7 7 67
5 7 14 50
5 5 39 38
4 10 6 79
4 4 15 87
4 3 14 47
4 1 47 50
3 18 0 72
3 9 3 77
3 9 46 54
3 7 12 84
3 7 3 86
3 5 3 72
3 2 14 44
3 2 19 55
3 2 0 90
3 1 14 46
2 12 10 79
2 10 33 10
2 9 34 84
2 9 36 84
2 3 33 6
2 1 33 9

301
True
NOT_OPTIMAL