60 91
73
34 6 0 32
13 3 2 15
13 5 12 75
10 12 24 57
10 12 34 57
6 7 12 80
6 15 9 0
25 7 0 38
25 15 35 18
21 12 39 33
16 7 21 50
16 5 0 45
21 3 0 50
21 5 16 45
5 7 29 71
5 5 34 33
4 1 5 14
4 10 25 71
6 13 0 0
12 13 0 56
12 9 12 57
23 6 37 45
7 3 14 87
7 5 32 85
2 1 12 56
2 10 24 81
6 6 37 51
6 5 26 86
14 7 25 38
14 6 0 69
16 3 0 53
16 5 43 51
14 6 46 69
14 5 46 75
14 13 44 56
3 2 2 13
3 7 6 0
11 2 24 69
11 7 35 69
6 7 18 80
6 6 54 80
33 14 2 18
12 4 0 75
12 3 34 76
16 18 15 0
12 3 34 79
12 18 31 0
4 4 17 53
4 3 34 82
3 1 14 56
3 2 21 87
6 9 0 79
6 9 6 79
6 1 9 90
6 2 8 88
5 7 29 78
5 18 43 0
3 9 39 82
3 9 42 82
9 18 48 0
6 5 54 86
6 2 45 89
2 12 58 56
2 9 0 13
8 3 0 88
8 9 46 80
10 9 14 66
3 5 26 81
3 2 51 89
3 18 57 0
3 7 6 7
2 3 12 66
2 9 0 22
----------
% Time limit exceeded!
