60 102
73
34 6 0 27
33 14 20 6
25 15 17 57
25 7 5 33
23 6 31 38
21 12 27 72
21 5 8 47
21 3 0 84
16 18 21 84
16 7 13 40
16 5 16 22
16 5 0 9
16 3 29 53
14 13 7 89
14 7 3 14
14 6 46 96
14 6 30 47
14 5 2 22
13 5 47 91
13 3 41 3
12 18 48 57
12 13 45 44
12 9 48 29
12 4 48 87
12 3 33 44
12 3 29 0
11 7 37 84
11 2 0 82
10 12 17 72
10 12 50 75
10 9 50 20
9 18 34 20
8 9 8 0
8 3 52 0
7 5 53 15
7 3 16 0
6 15 11 59
6 13 42 57
6 9 11 74
6 9 54 6
6 7 37 91
6 7 10 52
6 6 0 68
6 6 54 38
6 5 23 0
6 5 0 97
6 2 54 4
6 2 44 27
6 1 0 21
5 18 6 61
5 7 0 40
5 7 0 33
5 5 0 77
4 10 0 87
4 4 0 5
4 3 2 74
4 1 41 0
3 18 5 40
3 9 3 59
3 9 17 13
3 7 0 14
3 7 4 90
3 5 2 0
3 2 43 96
3 2 57 44
3 2 5 0
3 1 45 0
2 12 0 56
2 10 16 3
2 9 0 47
2 9 8 52
2 3 29 3
2 1 0 0

301
True
NOT_OPTIMAL